25.625 8 205 0 5 0 0 0 0 0 2 33
30 8 240 0 0 0 0 0 1 0 4 0
38.142 7 267 0 0 6 3 0 0 2 2 0 
48.25 4 193 1 0 0 3 0 0 0 1 29 
28 9 256 3 0 0 4 0 0 2 3 12 
43 4 173 0 0 0 0 0 0 2 3 43 
23 10 233 0 1 0 1 2 0 0 3 2 
19 8 157 0 0 1 0 0 1 0 3 3 
25 15 384 0 0 0 3 0 1 6 3 0 
19 12 231 0 0 1 4 0 0 7 3 1 
15 17 263 1 0 0 3 1 2 1 2 2 
20 11 229 0 0 0 1 1 0 2 1 0 
15 22 341 1 1 0 0 4 4 6 7 1 
17 12 215 0 4 0 0 0 2 2 5 0 
24 14 338 0 0 0 0 2 1 0 3 10 
22 22 487 0 0 2 1 2 1 3 3 5 
19 9 179 0 0 0 0 1 1 0 3 5 
24 8 192 0 0 0 0 1 0 1 1 2 
15 15 228 0 2 0 7 0 1 3 1 4 
25 8 200 0 1 0 2 0 0 0 2 0 
24 6 145 1 0 0 1 0 0 0 1 0 
32 3 96 0 0 0 0 0 2 0 1 4 
24 11 265 0 0 3 0 3 3 0 3 6 
16 5 80 0 0 0 0 0 0 0 6 2 
25 9 232 1 1 0 0 0 0 0 0 23 
32 6 193 0 0 1 0 3 0 1 4 0 
33 6 202 0 2 4 0 0 2 2 6 6 
29 7 209 4 1 3 1 1 0 1 11 15 
26 8 215 2 1 0 1 0 0 0 3 13 
19 12 229 0 0 1 0 2 1 1 3 14 
19 14 267 1 0 0 1 3 2 8 3 27 
18 21 385 3 0 1 1 0 2 1 10 0 
14 17 252 1 2 0 0 0 2 3 4 1 
25 16 402 0 0 2 2 1 3 3 4 0 
20 12 240 0 0 0 0 0 0 1 5 1 
58 6 352 1 1 0 2 3 1 0 6 5 
25 8 206 2 0 4 1 2 1 1 3 0 
35 7 249 0 0 0 1 0 4 1 1 0 
29 8 238 0 1 0 0 1 0 1 5 0 
23 7 162 0 0 0 2 1 1 4 2 7 
17 12 210 1 0 0 0 0 3 0 4 0 
16 17 284 1 0 0 0 1 0 3 2 0 
24 9 223 2 0 0 5 0 0 1 2 0 
17 12 214 2 3 2 1 0 1 2 5 0 
26 10 267 0 0 0 0 0 2 0 2 0 
21 13 274 1 0 0 0 1 0 1 1 0 
17 17 299 0 0 0 3 0 1 1 4 0 
23 15 355 0 0 2 3 1 3 0 7 15 
40 12 484 0 0 0 0 7 0 1 8 21 
22 19 433 0 0 0 1 2 0 3 9 15 
31 11 345 3 0 1 0 0 0 0 8 4 
26 14 370 3 0 1 1 2 1 3 6 4 
35 8 285 0 0 1 1 1 3 2 7 10 
27 14 388 0 0 0 0 5 0 2 4 1 
21 13 285 2 0 0 0 1 1 0 2 24 
48 8 386 0 0 1 0 1 0 1 8 0 
85 1 85 0 0 0 0 2 1 0 4 4 
64 4 257 1 0 0 1 1 0 0 7 22 
58 4 235 1 0 0 0 0 0 0 11 20 
24 9 220 1 1 1 0 0 1 0 0 6 
33 7 235 0 0 2 1 0 0 0 3 18 
27 11 301 0 2 0 1 2 0 0 4 0 
16 14 233 1 2 1 0 1 1 0 6 20 
45 5 228 1 1 1 1 0 1 2 3 10 
23 10 232 0 0 0 0 0 0 0 5 15 
28 13 376 4 0 0 1 6 2 4 8 1 
32 8 259 1 0 0 0 1 1 1 2 8 
28 6 169 0 0 0 1 2 1 0 6 0 
30 18 541 1 1 0 2 3 2 2 8 0 
26 8 209 1 0 0 4 1 1 3 5 2 
27 9 249 0 0 2 3 0 3 1 2 9 
41 7 287 3 0 0 2 1 0 3 8 0 
32 6 195 0 0 1 1 8 0 2 1 0 
19 13 247 0 0 2 0 0 0 5 5 0 
34 6 206 3 0 1 0 1 1 0 1 0 
30 9 276 1 0 0 0 1 1 5 3 12 
36 10 362 0 0 0 0 1 0 0 6 17 
28 6 172 0 0 0 0 0 4 1 1 16 
26 5 194 0 0 1 3 9 0 0 2 8 
36 5 184 0 0 1 0 0 1 0 1 23 
33 7 233 0 0 0 4 2 0 1 4 13 
39 7 273 1 0 0 4 1 2 2 4 9 
31 6 188 1 1 0 0 0 1 3 2 23
36 6 218 0 0 0 3 1 0 2 3 0 
17 13 230 0 12 0 0 0 0 0 3 20 
27 8 216 0 0 0 1 0 0 2 4 10 
22 15 332 1 0 0 1 1 0 0 5 11 
33 7 233 1 2 0 0 0 0 0 2 14 
30 9 274 0 0 0 3 0 0 3 17 6 
33 6 203 0 0 0 2 1 1 6 2 7 
15 17 262 1 0 0 2 2 1 1 5 9 
28 10 280 0 0 3 0 4 2 2 2 0 
30 15 462 0 0 3 4 1 4 1 9 0 
20 14 291 1 0 0 9 0 1 6 5 2 
43 6 263 1 1 2 0 0 0 0 4 6 
50 4 200 0 0 0 1 0 1 2 5 3 
21 13 282 0 0 0 1 4 2 1 9 2 
23 10 239 2 1 1 0 0 4 1 1 17 
29 14 419 2 1 0 7 1 1 10 4 9 
39 11 433 2 0 1 2 1 1 0 5 6 
33 14 468 0 12 5 2 0 4 1 8 6 
36 9 327 3 0 1 2 2 2 1 5 5 
31 11 347 2 0 2 1 0 1 1 7 17 
26 19 504 1 0 1 3 11 1 1 4 11 
34 10 345 1 0 1 0 3 3 16 6 7 
